16 0
4 780
20 840
2 930
5 1014
32 1079
17 1195
3 1217
7 1306
19 1334
6 1447
33 1472
31 1669
35 1793
50 1794
18 1837
21 1843
77 1871
62 1921
47 1956
46 2057
34 2059
63 2115
51 2118
36 2119
48 2202
22 2224
64 2263
49 2361
37 2376
78 2380
65 2518
96 2730
61 2754
76 2754
94 2910
52 2954
91 2966
79 3034
81 3039
95 3093
66 3098
92 3101
67 3127
80 3210
93 3270
97 3343
16 5532
22 6114
66 6425
31 6432
5 6490
18 6549
17 6725
21 6756
7 6782
46 6869
6 6872
37 7035
52 7048
61 7055
67 7120
4 7178
2 7228
76 7258
36 7290
35 7322
32 7429
51 7596
91 7675
47 7745
80 7766
65 7792
79 7794
63 7798
92 7810
93 7927
19 7937
62 7962
48 7988
20 8058
34 8098
81 8107
97 8257
3 8285
78 8419
96 8515
50 8551
95 8674
33 8847
77 8984
49 9219
82 9352
64 9428
94 9514
82 14420
