1 0 930
1 0 7228
2 0 1217
2 0 8285
3 0 780
3 0 7178
4 0 1014
4 0 6490
5 0 1447
5 0 6872
6 0 1306
6 0 6782
0 1 0
0 1 5532
1 1 1195
1 1 6725
2 1 1837
2 1 6549
3 1 1334
3 1 7937
4 1 840
4 1 8058
5 1 1843
5 1 6756
6 1 2224
6 1 6114
0 2 1669
0 2 6432
1 2 1079
1 2 7429
2 2 1472
2 2 8847
3 2 2059
3 2 8098
4 2 1793
4 2 7322
5 2 2119
5 2 7290
6 2 2376
6 2 7035
0 3 2057
0 3 6869
1 3 1956
1 3 7745
2 3 2202
2 3 7988
3 3 2361
3 3 9219
4 3 1794
4 3 8551
5 3 2118
5 3 7596
6 3 2954
6 3 7048
0 4 2754
0 4 7055
1 4 1921
1 4 7962
2 4 2115
2 4 7798
3 4 2263
3 4 9428
4 4 2518
4 4 7792
5 4 3098
5 4 6425
6 4 3127
6 4 7120
0 5 2754
0 5 7258
1 5 1871
1 5 8984
2 5 2380
2 5 8419
3 5 3034
3 5 7794
4 5 3210
4 5 7766
5 5 3039
5 5 8107
6 5 9352
6 5 14420
0 6 2966
0 6 7675
1 6 3101
1 6 7810
2 6 3270
2 6 7927
3 6 2910
3 6 9514
4 6 3093
4 6 8674
5 6 2730
5 6 8515
6 6 3343
6 6 8257
